3.673908283859599150e-08
5.252689745663384857e-08
3.643342597595521902e-08
2.060943146719866204e-08
7.337623669307579260e-08
5.299933859276955045e-08
5.912578081606327090e-08
3.783815960556610727e-08
5.352973792839297227e-08
5.302379357154139953e-08
1.177896758109418530e-08
7.642776424904250170e-08
4.007930094344088149e-08
7.180019901205526568e-08
4.384938784383894355e-08
4.372223992617940750e-08
5.162097132874321133e-08
1.486935894546657059e-08
4.186527920880514009e-08
2.792146244227558398e-08
4.827559462943337726e-08
5.436716661330229829e-08
5.904809475796643090e-08
9.871673133229731848e-09
4.792340990065276629e-08
3.580532194306507778e-08
