5.630018478009259707e+04
5.630718478009259707e+04
5.631418478009259707e+04
5.632118478009259707e+04
5.632818478009259707e+04
5.633518478009259707e+04
5.634218478009259707e+04
5.634918478009259707e+04
5.635618478009259707e+04
5.636318478009259707e+04
5.637018478009259707e+04
5.637718478009259707e+04
5.638418478009259707e+04
5.639118478009259707e+04
5.639818478009259707e+04
5.640518478009259707e+04
5.641218478009259707e+04
5.641918478009259707e+04
5.642618478009259707e+04
5.643318478009259707e+04
5.644018478009259707e+04
5.644718478009259707e+04
5.645418478009259707e+04
5.646118478009259707e+04
5.646818478009259707e+04
5.647518478009259707e+04
